1000 0.00000010538101196289 
1100 0.00000003272836858576 
1200 0.00000002642472585042 
1300 0.00000002732643714318 
1400 0.00000002094677516392 
1500 0.00000003337860107422 
1600 0.00000003188848495483 
1700 0.00000003015293794520 
1800 0.00000002953741285536 
1900 0.00000003049248143246 
2000 0.00000003027915954590 
2100 0.00000003167561122349 
2200 0.00000002795999700373 
2300 0.00000001865884532099 
2400 0.00000003079573313395 
2500 0.00000002622604370117 
2600 0.00000002668454096867 
2700 0.00000003019968668620 
2800 0.00000002673694065639 
2900 0.00000002647268361059 
3000 0.00000002471605936686 
3100 0.00000003037914153068 
3200 0.00000002875924110413 
3300 0.00000002709302035245 
3400 0.00000003015293794520 
3500 0.00000002881458827427 
3600 0.00000003569655948215 
3700 0.00000003028560329128 
3800 0.00000002867297122353 
3900 0.00000003099441528320 
4000 0.00000002777576446533 
4100 0.00000003111071702911 
4200 0.00000002514748346238 
4300 0.00000002800032149914 
4400 0.00000002649697390470 
4500 0.00000002664989895291 
4600 0.00000002850656924040 
4700 0.00000002977695870907 
4800 0.00000002925594647725 
4900 0.00000003449770869041 
5000 0.00000002837181091309 
5100 0.00000002954520431219 
5200 0.00000002920627593994 
5300 0.00000002717072109006 
5400 0.00000003364351060655 
5500 0.00000003311850807884 
5600 0.00000002843993050711 
5700 0.00000003308580632795 
5800 0.00000002544501732136 
5900 0.00000003038826635328 
6000 0.00000002745787302653 
6100 0.00000002845388944032 
6200 0.00000002680286284416 
6300 0.00000002932926965138 
6400 0.00000002458691596985 
6500 0.00000002725307758038 
6600 0.00000003124728347316 
6700 0.00000003131467904618 
6800 0.00000003099441528320 
6900 0.00000002847201582314 
7000 0.00000002881458827427 
7100 0.00000002847590916593 
7200 0.00000003006723192003 
7300 0.00000003040653385528 
7400 0.00000003086554037558 
7500 0.00000002892812093099 
7600 0.00000003002191844739 
7700 0.00000002991069446911 
7800 0.00000002674567393768 
7900 0.00000002770484248294 
8000 0.00000002908706665039 
8100 0.00000002975817079897 
8200 0.00000002797056988972 
8300 0.00000002659947039133 
8400 0.00000002897921062651 
8500 0.00000002804924460018 
8600 0.00000002924786057583 
8700 0.00000003225501926466 
8800 0.00000002709302035245 
8900 0.00000003158376457986 
9000 0.00000002702077229818 
9100 0.00000002876742855533 
9200 0.00000002951725669529 
9300 0.00000002761040964434 
9400 0.00000002926968513651 
9500 0.00000002793261879369 
9600 0.00000002774099508921 
9700 0.00000002949508195071 
9800 0.00000002885351375658 
9900 0.00000002836940264461 
10000 0.00000002534389495850 
