1000 0.00000031971931457520 
1100 0.00000016320835460316 
1200 0.00000015556812286377 
1300 0.00000014323454636794 
1400 0.00000015616416931152 
1500 0.00000016625722249349 
1600 0.00000018090009689331 
1700 0.00000016829546760110 
1800 0.00000016437636481391 
1900 0.00000015861109683388 
2000 0.00000017940998077393 
2100 0.00000020220166160947 
2200 0.00000018878416581587 
2300 0.00000017394190249236 
2400 0.00000019232432047526 
2500 0.00000017395019531250 
2600 0.00000019293565016526 
2700 0.00000018005017881040 
2800 0.00000020946775163923 
2900 0.00000018695305133688 
3000 0.00000019375483194987 
3100 0.00000019750287455897 
3200 0.00000019244849681854 
3300 0.00000019492525042910 
3400 0.00000018807018504423 
3500 0.00000020497185843331 
3600 0.00000020199351840549 
3700 0.00000020600653983451 
3800 0.00000020579287880345 
3900 0.00000020766869569436 
4000 0.00000018948316574097 
4100 0.00000020951759524462 
4200 0.00000021105720883324 
4300 0.00000022561051124750 
4400 0.00000022080811587247 
4500 0.00000021802054511176 
4600 0.00000020270762236222 
4700 0.00000022249018892329 
4800 0.00000023325284322103 
4900 0.00000021233850595902 
5000 0.00000022759437561035 
5100 0.00000023533316219554 
5200 0.00000021929924304669 
5300 0.00000021974995451153 
5400 0.00000022133191426595 
5500 0.00000023486397483132 
5600 0.00000024557113647461 
5700 0.00000023603439331055 
5800 0.00000023032056874242 
5900 0.00000023579193373858 
6000 0.00000025089581807454 
6100 0.00000023243857211754 
6200 0.00000023695730393933 
6300 0.00000023875917707171 
6400 0.00000023480504751205 
6500 0.00000025327389056866 
6600 0.00000024159749348958 
6700 0.00000024589140023758 
6800 0.00000024508027469411 
6900 0.00000025351842244466 
7000 0.00000025980813162667 
7100 0.00000024946642593599 
7200 0.00000025418069627550 
7300 0.00000025396477686216 
7400 0.00000027762876974570 
7500 0.00000024894078572591 
7600 0.00000025539021742971 
7700 0.00000026257007153003 
7800 0.00000026583671569824 
7900 0.00000025230117991001 
8000 0.00000026470422744751 
8100 0.00000025772754056954 
8200 0.00000027194255735816 
8300 0.00000026849379022437 
8400 0.00000026779515402658 
8500 0.00000027808021096622 
8600 0.00000027675961339196 
8700 0.00000025740985212655 
8800 0.00000027011741291393 
8900 0.00000026909153113204 
9000 0.00000027198261684842 
9100 0.00000026587601546403 
9200 0.00000026860962743345 
9300 0.00000028112883208900 
9400 0.00000041109450319980 
9500 0.00000046589500025699 
9600 0.00000045316914717356 
9700 0.00000045388015275149 
9800 0.00000046537846935039 
9900 0.00000045923271564522 
10000 0.00000045604705810547 
