1000 0.00000015568733215332 
1100 0.00000010230324485085 
1200 0.00000003496805826823 
1300 0.00000005281888521635 
1400 0.00000004768371582031 
1500 0.00000005006790161133 
1600 0.00000004857778549194 
1700 0.00000005371430340935 
1800 0.00000005377663506402 
1900 0.00000005320498817845 
2000 0.00000003612041473389 
2100 0.00000003008615402948 
2200 0.00000003478743813255 
2300 0.00000004374462625255 
2400 0.00000003814697265625 
2500 0.00000006141662597656 
2600 0.00000004722521855281 
2700 0.00000004839014123987 
2800 0.00000003865786961147 
2900 0.00000003814697265625 
3000 0.00000005292892456055 
3100 0.00000005452863631710 
3200 0.00000005237758159637 
3300 0.00000004826170025450 
3400 0.00000005245208740234 
3500 0.00000004734311785017 
3600 0.00000005927350785997 
3700 0.00000004961683943465 
3800 0.00000004467211271587 
3900 0.00000004884524223132 
4000 0.00000004816055297852 
4100 0.00000004465987042683 
4200 0.00000004774048214867 
4300 0.00000004518863766692 
4400 0.00000004361976276744 
4500 0.00000004884931776259 
4600 0.00000005198561626932 
4700 0.00000004829244410738 
4800 0.00000004882613817851 
4900 0.00000004359654017857 
5000 0.00000004734992980957 
5100 0.00000005016139909333 
5200 0.00000005295643439660 
5300 0.00000004484968365363 
5400 0.00000005024450796622 
5500 0.00000004842064597390 
5600 0.00000004998275211879 
5700 0.00000004810199402926 
5800 0.00000005191770093194 
5900 0.00000004994667182534 
6000 0.00000005447864532471 
6100 0.00000005675143882877 
6200 0.00000004995253778273 
6300 0.00000004764587160141 
6400 0.00000004898756742477 
6500 0.00000005252544696514 
6600 0.00000004641937487053 
6700 0.00000004825307362115 
6800 0.00000004915630116182 
6900 0.00000004796014315840 
7000 0.00000005204336983817 
7100 0.00000005305652887049 
7200 0.00000005063083436754 
7300 0.00000005163558541912 
7400 0.00000004987458924989 
7500 0.00000005283355712891 
7600 0.00000005251482913369 
7700 0.00000005430989451223 
7800 0.00000005419437701886 
7900 0.00000005003772204435 
8000 0.00000004765391349792 
8100 0.00000005298190646701 
8200 0.00000004989344899247 
8300 0.00000005147543298193 
8400 0.00000005327519916353 
8500 0.00000005177890553194 
8600 0.00000005128771759743 
8700 0.00000005119148342089 
8800 0.00000005253336646340 
8900 0.00000005371115180884 
9000 0.00000005351172553168 
9100 0.00000005022510067447 
9200 0.00000005229659702467 
9300 0.00000004911935457619 
9400 0.00000005191945015116 
9500 0.00000004688062165913 
9600 0.00000005138417085012 
9700 0.00000005503290707303 
9800 0.00000004890013714226 
9900 0.00000004814128683071 
10000 0.00000004980564117432 
