1000 0.00000764083862304688 
1100 0.00000371607867154208 
1200 0.00000377376874287923 
1300 0.00000414463189932016 
1400 0.00000465035438537598 
1500 0.00000486803054809570 
1600 0.00000513821840286255 
1700 0.00000549540800206802 
1800 0.00000585397084554036 
1900 0.00000614818773771587 
2000 0.00000662124156951904 
2100 0.00000669615609305246 
2200 0.00000686450438065962 
2300 0.00000734256661456564 
2400 0.00000762393077214559 
2500 0.00000822792053222656 
2600 0.00000837802886962891 
2700 0.00000892109341091580 
2800 0.00000898957252502441 
2900 0.00000955367910450902 
3000 0.00000968845685323079 
3100 0.00001027353348270539 
3200 0.00001009970903396606 
3300 0.00001097491293242483 
3400 0.00001103723750394933 
3500 0.00001149306978498186 
3600 0.00001249704096052382 
3700 0.00001303563246855865 
3800 0.00001343614176699990 
3900 0.00001365973399235652 
4000 0.00001360028982162476 
4100 0.00001321164573111185 
4200 0.00001362732478550502 
4300 0.00001403586809025254 
4400 0.00001405992291190407 
4500 0.00001445855034722222 
4600 0.00001479718996130902 
4700 0.00001514287705117084 
4800 0.00001550580064455668 
4900 0.00001599452933486627 
5000 0.00001618766784667969 
5100 0.00001631091622745289 
5200 0.00001682616197145902 
5300 0.00001711885884123029 
5400 0.00001716366520634404 
5500 0.00001752402565696023 
5600 0.00001822509935923985 
5700 0.00001852290672168397 
5800 0.00001890490795003957 
5900 0.00001894227528976182 
6000 0.00001935780048370361 
6100 0.00001969720496505988 
6200 0.00002004369612663023 
6300 0.00002017910518343487 
6400 0.00002059943974018097 
6500 0.00002080510212824895 
6600 0.00002117312315738563 
6700 0.00002142123321988689 
6800 0.00002179033616009880 
6900 0.00002227219982423644 
7000 0.00002269816398620606 
7100 0.00002280722201710016 
7200 0.00002326763338512845 
7300 0.00002384992494975051 
7400 0.00002392517553793417 
7500 0.00002429431279500326 
7600 0.00002440750598907471 
7700 0.00002465545357047737 
7800 0.00002559200311318422 
7900 0.00002561964566194558 
8000 0.00002577176690101623 
8100 0.00002630954907264239 
8200 0.00002643881774530178 
8300 0.00002681123204978116 
8400 0.00002683395431155250 
8500 0.00002737359439625459 
8600 0.00002780398657155591 
8700 0.00002804583516614191 
8800 0.00002830337394367565 
8900 0.00002877803331010797 
9000 0.00002890404065450032 
9100 0.00002943062520289159 
9200 0.00003044346104497495 
9300 0.00003032489489483577 
9400 0.00003050796529080006 
9500 0.00003092831059506065 
9600 0.00003091750045617421 
9700 0.00003151947690039566 
9800 0.00003178980885719766 
9900 0.00003225731127189868 
10000 0.00003229525089263916 
