1000 0.00000007104873657227 
1200 0.00000005066394805908 
1400 0.00000002622604370117 
1600 0.00000002980232238770 
1800 0.00000002397431267632 
2000 0.00000003135204315186 
2200 0.00000002893534573642 
2400 0.00000002741813659668 
2600 0.00000002485055189866 
2800 0.00000002222401755197 
3000 0.00000002702077229818 
3200 0.00000002965331077576 
3400 0.00000002454308902516 
3600 0.00000002351072099474 
3800 0.00000002798281217876 
4000 0.00000002652406692505 
4200 0.00000002906436011905 
4400 0.00000002492557872425 
4600 0.00000002182048300038 
4800 0.00000003039836883545 
5000 0.00000002436637878418 
