1000 0.00000015068054199219 
1200 0.00000006794929504395 
1400 0.00000004359654017857 
1600 0.00000004872679710388 
1800 0.00000004172325134277 
2000 0.00000004613399505615 
2200 0.00000005451115694913 
2400 0.00000004996856053670 
2600 0.00000005391927865835 
2800 0.00000005705015999930 
3000 0.00000004831949869792 
3200 0.00000005416572093964 
3400 0.00000004698248470531 
3600 0.00000005556477440728 
3800 0.00000004987967641730 
4000 0.00000005394220352173 
4200 0.00000004847844441732 
4400 0.00000004855069247159 
4600 0.00000005120816438094 
4800 0.00000004996856053670 
5000 0.00000005197525024414 
