100 0.0000517678 
101 0.0000544043 
102 0.0000246646 
103 0.0000168629 
104 0.0000158915 
105 0.0000159740 
106 0.0000196898 
107 0.0000171795 
108 0.0000175370 
109 0.0000189816 
110 0.0000175281 
111 0.0000177804 
112 0.0000180815 
113 0.0000183793 
114 0.0000209746 
115 0.0000193140 
116 0.0000215604 
117 0.0000196828 
118 0.0000199847 
119 0.0000203297 
120 0.0000206133 
121 0.0000230596 
122 0.0000215339 
123 0.0000216399 
124 0.0000221845 
125 0.0000223064 
126 0.0000226592 
127 0.0000230158 
128 0.0000233278 
129 0.0000236995 
130 0.0000240473 
131 0.0000243879 
132 0.0000247793 
133 0.0000250590 
134 0.0000254627 
135 0.0000260018 
136 0.0000264539 
137 0.0000266054 
138 0.0000269378 
139 0.0000273238 
140 0.0000276923 
141 0.0000280759 
142 0.0000284642 
143 0.0000290787 
144 0.0000295904 
145 0.0000299783 
146 0.0000303412 
147 0.0000307349 
148 0.0000311185 
149 0.0000312152 
150 0.0000316111 
151 0.0000320318 
152 0.0000324328 
153 0.0000329018 
154 0.0000332609 
155 0.0000336985 
156 0.0000341214 
157 0.0000345236 
158 0.0000350324 
159 0.0000353594 
160 0.0000358239 
161 0.0000362604 
162 0.0000367312 
163 0.0000371465 
164 0.0000375800 
165 0.0000381585 
166 0.0000395488 
167 0.0000390907 
168 0.0000396711 
169 0.0000398088 
170 0.0000402885 
171 0.0000407528 
172 0.0000411924 
173 0.0000416406 
174 0.0000421562 
175 0.0000425938 
176 0.0000430630 
177 0.0000435471 
178 0.0000440244 
179 0.0000445030 
180 0.0000449936 
181 0.0000455867 
182 0.0000459938 
183 0.0000464512 
184 0.0000469361 
185 0.0000474427 
186 0.0000479401 
187 0.0000484347 
188 0.0000489646 
189 0.0000495280 
190 0.0000499851 
191 0.0000504973 
192 0.0000510601 
193 0.0000514996 
194 0.0000521473 
195 0.0000526343 
196 0.0000532866 
197 0.0000538790 
198 0.0000541535 
199 0.0000547548 
200 0.0000551879 
201 0.0000557567 
202 0.0000562987 
203 0.0000568376 
204 0.0000575793 
205 0.0000595802 
206 0.0000590456 
207 0.0000601103 
208 0.0000596482 
209 0.0000601591 
210 0.0000607195 
211 0.0000612600 
212 0.0000619259 
213 0.0000623929 
214 0.0000637435 
215 0.0000666441 
216 0.0000662969 
217 0.0000652849 
218 0.0000654229 
219 0.0000658340 
220 0.0000664733 
221 0.0000670204 
222 0.0000680943 
223 0.0000690612 
224 0.0000689402 
225 0.0000694466 
226 0.0000701151 
227 0.0000706570 
228 0.0000712694 
229 0.0000718525 
230 0.0000725539 
231 0.0000732502 
232 0.0000737967 
233 0.0000749852 
234 0.0000750142 
235 0.0000755614 
236 0.0000761990 
237 0.0000768985 
238 0.0000774850 
239 0.0000781165 
240 0.0000787755 
241 0.0000793815 
242 0.0000800397 
243 0.0000807003 
244 0.0000833175 
245 0.0000830057 
246 0.0000836016 
247 0.0000834784 
248 0.0000839656 
249 0.0000855568 
250 0.0000854206 
251 0.0000859542 
252 0.0000866793 
253 0.0000873328 
254 0.0000879802 
255 0.0000886824 
256 0.0000893557 
257 0.0000900313 
258 0.0000907275 
259 0.0000914183 
260 0.0000921937 
261 0.0000928535 
262 0.0000935411 
263 0.0000941835 
264 0.0000949376 
265 0.0000959225 
266 0.0000986587 
267 0.0000992420 
268 0.0000980594 
269 0.0000985404 
270 0.0001017809 
271 0.0001000214 
272 0.0001006617 
273 0.0001015541 
274 0.0001028367 
275 0.0001028824 
276 0.0001038918 
277 0.0001155177 
278 0.0001060602 
279 0.0001058467 
280 0.0001065348 
281 0.0001082106 
282 0.0001080560 
283 0.0001135639 
284 0.0001131422 
285 0.0001112913 
286 0.0001113715 
287 0.0001121232 
288 0.0001125468 
289 0.0001140251 
290 0.0001155763 
291 0.0001149858 
292 0.0001159090 
293 0.0001169016 
294 0.0001171892 
295 0.0001180107 
296 0.0001187840 
297 0.0001195505 
298 0.0001204318 
299 0.0001248986 
300 0.0001223858 
301 0.0001229503 
302 0.0001242729 
303 0.0001270086 
304 0.0001277963 
305 0.0001261453 
306 0.0001280355 
307 0.0001293386 
308 0.0001285781 
309 0.0001300446 
310 0.0001300750 
311 0.0001309669 
312 0.0001324736 
313 0.0001327702 
314 0.0001334278 
315 0.0001342879 
316 0.0001350807 
317 0.0001359655 
318 0.0001366761 
319 0.0001375421 
320 0.0001383670 
321 0.0001414461 
322 0.0001400776 
323 0.0001445525 
324 0.0001427759 
325 0.0001431957 
326 0.0001440809 
327 0.0001444510 
328 0.0001456192 
329 0.0001462535 
330 0.0001476974 
331 0.0001479758 
332 0.0001488177 
333 0.0001516500 
334 0.0001514643 
335 0.0001520442 
336 0.0001525623 
337 0.0001531588 
338 0.0001542350 
339 0.0001551683 
340 0.0001560583 
341 0.0001569256 
342 0.0001576595 
343 0.0001612481 
344 0.0001603400 
345 0.0001633084 
346 0.0001613157 
347 0.0001622895 
348 0.0001632564 
349 0.0001645027 
350 0.0001649925 
351 0.0001661064 
352 0.0001675290 
353 0.0001681060 
354 0.0001687929 
355 0.0001715821 
356 0.0001714779 
357 0.0001725189 
358 0.0001724865 
359 0.0001735355 
360 0.0001771887 
361 0.0001762930 
362 0.0001765582 
363 0.0001841616 
364 0.0001823116 
365 0.0001817586 
366 0.0001862297 
367 0.0001839812 
368 0.0001838842 
369 0.0001835125 
370 0.0001842112 
371 0.0001856722 
372 0.0001862011 
373 0.0001890698 
374 0.0001882219 
375 0.0001925748 
376 0.0001901414 
377 0.0001912313 
378 0.0001924498 
379 0.0001932203 
380 0.0001995394 
381 0.0001950883 
382 0.0001983455 
383 0.0001977063 
384 0.0001980501 
385 0.0001990547 
386 0.0002002327 
387 0.0002012536 
388 0.0002046258 
389 0.0002054494 
390 0.0002048492 
391 0.0002070827 
392 0.0002105041 
393 0.0002078968 
394 0.0002084589 
395 0.0002103510 
396 0.0002104080 
397 0.0002132633 
398 0.0002131684 
399 0.0002135651 
400 0.0002167863 
401 0.0002170774 
402 0.0002213657 
403 0.0002182110 
404 0.0002212029 
405 0.0002453775 
406 0.0002342562 
407 0.0002223713 
408 0.0002232305 
409 0.0002242650 
410 0.0002268692 
411 0.0002296452 
412 0.0002289177 
413 0.0002286400 
414 0.0002299069 
415 0.0002314108 
416 0.0002330587 
417 0.0002344489 
418 0.0002345052 
419 0.0002352696 
420 0.0002365583 
421 0.0002387046 
422 0.0002417954 
423 0.0002403564 
424 0.0002412076 
425 0.0002423376 
426 0.0002432480 
427 0.0002449072 
428 0.0002452809 
429 0.0002464153 
430 0.0002476171 
431 0.0002522186 
432 0.0002507656 
433 0.0002510025 
434 0.0002524463 
435 0.0002535820 
436 0.0002550127 
437 0.0002556016 
438 0.0002569319 
439 0.0002587064 
440 0.0002618578 
441 0.0002604872 
442 0.0002615392 
443 0.0002626544 
444 0.0002639739 
445 0.0002653968 
446 0.0002659597 
447 0.0002672688 
448 0.0002685908 
449 0.0002727917 
450 0.0002708631 
451 0.0002720150 
452 0.0002736998 
453 0.0002749466 
454 0.0002754391 
455 0.0002768249 
456 0.0002779647 
457 0.0002821019 
458 0.0002806478 
459 0.0002816918 
460 0.0002832470 
461 0.0002846444 
462 0.0002853292 
463 0.0002863510 
464 0.0002896087 
465 0.0002895868 
466 0.0002902562 
467 0.0002937781 
468 0.0002935834 
469 0.0002937785 
470 0.0002951952 
471 0.0002966297 
472 0.0003003690 
473 0.0002987818 
474 0.0002999421 
475 0.0003023027 
476 0.0003027635 
477 0.0003038312 
478 0.0003051005 
479 0.0003093464 
480 0.0003079638 
481 0.0003090187 
482 0.0003247266 
483 0.0003115657 
484 0.0003127436 
485 0.0003162453 
486 0.0003158928 
487 0.0003167281 
488 0.0003181520 
489 0.0003195691 
490 0.0003202224 
491 0.0003218719 
492 0.0003256342 
493 0.0003242967 
494 0.0003259003 
495 0.0003278010 
496 0.0003280856 
497 0.0003293717 
498 0.0003335088 
499 0.0003356011 
500 0.0003334489 
