100 0.0000182176 
101 0.0000168852 
102 0.0000172737 
103 0.0000081178 
104 0.0000079137 
105 0.0000074659 
106 0.0000062259 
107 0.0000065309 
108 0.0000074086 
109 0.0000070388 
110 0.0000074235 
111 0.0000063621 
112 0.0000068567 
113 0.0000061145 
114 0.0000062114 
115 0.0000070302 
116 0.0000075328 
117 0.0000070772 
118 0.0000084416 
119 0.0000079680 
120 0.0000079354 
121 0.0000065614 
122 0.0000090423 
123 0.0000100737 
124 0.0000069776 
125 0.0000079823 
126 0.0000117677 
127 0.0000083240 
128 0.0000094865 
129 0.0000092096 
130 0.0000085097 
131 0.0000091382 
132 0.0000084946 
133 0.0000083948 
134 0.0000103676 
135 0.0000115871 
136 0.0000101486 
137 0.0000143939 
138 0.0000087126 
139 0.0000114389 
140 0.0000120555 
141 0.0000118161 
142 0.0000102251 
143 0.0000113007 
144 0.0000112289 
145 0.0000116677 
146 0.0000131032 
147 0.0000108570 
148 0.0000102633 
149 0.0000102104 
150 0.0000103537 
151 0.0000107288 
152 0.0000127789 
153 0.0000100385 
154 0.0000119689 
155 0.0000110334 
156 0.0000114105 
157 0.0000122611 
158 0.0000126030 
159 0.0000129871 
160 0.0000135556 
161 0.0000116692 
162 0.0000131469 
163 0.0000121301 
164 0.0000149186 
165 0.0000133962 
166 0.0000121435 
167 0.0000107017 
168 0.0000137800 
169 0.0000111718 
170 0.0000160750 
171 0.0000148558 
172 0.0000157731 
173 0.0000156695 
174 0.0000144928 
175 0.0000136607 
176 0.0000150177 
177 0.0000163458 
178 0.0000139220 
179 0.0000156863 
180 0.0000161158 
181 0.0000147200 
182 0.0000151317 
183 0.0000167036 
184 0.0000183803 
185 0.0000158233 
186 0.0000141833 
187 0.0000165210 
188 0.0000173221 
189 0.0000190394 
190 0.0000188727 
191 0.0000184431 
192 0.0000184725 
193 0.0000166695 
194 0.0000162592 
195 0.0000166453 
196 0.0000185443 
197 0.0000187153 
198 0.0000184233 
199 0.0000188087 
200 0.0000187898 
201 0.0000197508 
202 0.0000192800 
203 0.0000223949 
204 0.0000198296 
205 0.0000213216 
206 0.0000202772 
207 0.0000195503 
208 0.0000198461 
209 0.0000229190 
210 0.0000229268 
211 0.0000244633 
212 0.0000209707 
213 0.0000204402 
214 0.0000207201 
215 0.0000215785 
216 0.0000227182 
217 0.0000239232 
218 0.0000228444 
219 0.0000254204 
220 0.0000212518 
221 0.0000204479 
222 0.0000235197 
223 0.0000213540 
224 0.0000249669 
225 0.0000220150 
226 0.0000279699 
227 0.0000231655 
228 0.0000250507 
229 0.0000278939 
230 0.0000253574 
231 0.0000257275 
232 0.0000228872 
233 0.0000266937 
234 0.0000292175 
235 0.0000275135 
236 0.0000261442 
237 0.0000262955 
238 0.0000286082 
239 0.0000272545 
240 0.0000282278 
241 0.0000303811 
242 0.0000279817 
243 0.0000239812 
244 0.0000263980 
245 0.0000285265 
246 0.0000303984 
247 0.0000325369 
248 0.0000312655 
249 0.0000331766 
250 0.0000321703 
251 0.0000328885 
252 0.0000274144 
253 0.0000318774 
254 0.0000326530 
255 0.0000306990 
256 0.0000336887 
257 0.0000282902 
258 0.0000343304 
259 0.0000289674 
260 0.0000314923 
261 0.0000283910 
262 0.0000313493 
263 0.0000336080 
264 0.0000347007 
265 0.0000271050 
266 0.0000387009 
267 0.0000323830 
268 0.0000335957 
269 0.0000304068 
270 0.0000376295 
271 0.0000337974 
272 0.0000341456 
273 0.0000380072 
274 0.0000387683 
275 0.0000321666 
276 0.0000372209 
277 0.0000408496 
278 0.0000357516 
279 0.0000351757 
280 0.0000364074 
281 0.0000377830 
282 0.0000396062 
283 0.0000316760 
284 0.0000339940 
285 0.0000384331 
286 0.0000381036 
287 0.0000458918 
288 0.0000448608 
289 0.0000416177 
290 0.0000424426 
291 0.0000439714 
292 0.0000419102 
293 0.0000419999 
294 0.0000415197 
295 0.0000445907 
296 0.0000392094 
297 0.0000390750 
298 0.0000440746 
299 0.0000423859 
300 0.0000443157 
301 0.0000382206 
302 0.0000419506 
303 0.0000403966 
304 0.0000433945 
305 0.0000469841 
306 0.0000441285 
307 0.0000511070 
308 0.0000479577 
309 0.0000421831 
310 0.0000406765 
311 0.0000465031 
312 0.0000483936 
313 0.0000455608 
314 0.0000419161 
315 0.0000485307 
316 0.0000513898 
317 0.0000488141 
318 0.0000573929 
319 0.0000431717 
320 0.0000477210 
321 0.0000463631 
322 0.0000492179 
323 0.0000427249 
324 0.0000499825 
325 0.0000522071 
326 0.0000458319 
327 0.0000562209 
328 0.0000491564 
329 0.0000530884 
330 0.0000524846 
331 0.0000556293 
332 0.0000527788 
333 0.0000444146 
334 0.0000477073 
335 0.0000542178 
336 0.0000535455 
337 0.0000619344 
338 0.0000505264 
339 0.0000487126 
340 0.0000551504 
341 0.0000466098 
342 0.0000548370 
343 0.0000568597 
344 0.0000542139 
345 0.0000543594 
346 0.0000580053 
347 0.0000526720 
348 0.0000598122 
349 0.0000563474 
350 0.0000604507 
351 0.0000530648 
352 0.0000622259 
353 0.0000539792 
354 0.0000560034 
355 0.0000548665 
356 0.0000566927 
357 0.0000636337 
358 0.0000599902 
359 0.0000610889 
360 0.0000618405 
361 0.0000568262 
362 0.0000576413 
363 0.0000640275 
364 0.0000683750 
365 0.0000648708 
366 0.0000621660 
367 0.0000670749 
368 0.0000602558 
369 0.0000605318 
370 0.0000689494 
371 0.0000691131 
372 0.0000585657 
373 0.0000614807 
374 0.0000619837 
375 0.0000662657 
376 0.0000660952 
377 0.0000689668 
378 0.0000648007 
379 0.0000620794 
380 0.0000624205 
381 0.0000713654 
382 0.0000688225 
383 0.0000729312 
384 0.0000640905 
385 0.0000692479 
386 0.0000695595 
387 0.0000699022 
388 0.0000772237 
389 0.0000687013 
390 0.0000731969 
391 0.0000660139 
392 0.0000748488 
393 0.0000720455 
394 0.0000691535 
395 0.0000833813 
396 0.0000733787 
397 0.0000685955 
398 0.0000763670 
399 0.0000695477 
400 0.0000753021 
401 0.0000806669 
402 0.0000770816 
403 0.0000791147 
404 0.0000745235 
405 0.0000802558 
406 0.0000714627 
407 0.0000806165 
408 0.0000746344 
409 0.0000728960 
410 0.0000796254 
411 0.0000778405 
412 0.0000842873 
413 0.0000809827 
414 0.0000808141 
415 0.0000734823 
416 0.0000738570 
417 0.0000784220 
418 0.0000780764 
419 0.0000868731 
420 0.0000733903 
421 0.0000798549 
422 0.0000745849 
423 0.0000843635 
424 0.0000785331 
425 0.0000836754 
426 0.0000869914 
427 0.0000827497 
428 0.0000829608 
429 0.0000931761 
430 0.0000841817 
431 0.0000930032 
432 0.0000877855 
433 0.0000913039 
434 0.0000787210 
435 0.0000943135 
436 0.0000955309 
437 0.0000912636 
438 0.0000875083 
439 0.0000951426 
440 0.0000901585 
441 0.0000847846 
442 0.0000925318 
443 0.0000934558 
444 0.0000938360 
445 0.0000810093 
446 0.0000888179 
447 0.0000916199 
448 0.0000965228 
449 0.0000955023 
450 0.0000899654 
451 0.0001003827 
452 0.0000978671 
453 0.0000969969 
454 0.0001033587 
455 0.0001039557 
456 0.0000869611 
457 0.0000995969 
458 0.0000946204 
459 0.0001021839 
460 0.0000978605 
461 0.0000968295 
462 0.0001016933 
463 0.0000897829 
464 0.0000973082 
465 0.0001015950 
466 0.0001018953 
467 0.0000970001 
468 0.0000981031 
469 0.0001014240 
470 0.0000936041 
471 0.0000965970 
472 0.0000984159 
473 0.0000936466 
474 0.0001017117 
475 0.0000955742 
476 0.0001026086 
477 0.0001046778 
478 0.0000963780 
479 0.0001144768 
480 0.0001034766 
481 0.0001059149 
482 0.0001105471 
483 0.0001102980 
484 0.0001042628 
485 0.0001036251 
486 0.0001114617 
487 0.0001174816 
488 0.0001054553 
489 0.0001132488 
490 0.0001149650 
491 0.0001084440 
492 0.0001233176 
493 0.0001298598 
494 0.0001174284 
495 0.0001213295 
496 0.0001160935 
497 0.0001334405 
498 0.0001396300 
499 0.0001074628 
500 0.0001141343 
