1000 0.00000034856796264648 
1100 0.00000019116835160689 
1200 0.00000014642874399821 
1300 0.00000012434445894681 
1400 0.00000013351440429688 
1500 0.00000013192494710286 
1600 0.00000014513731002808 
1700 0.00000013926449943991 
1800 0.00000014278623792860 
1900 0.00000011117834793894 
2000 0.00000016319751739502 
2100 0.00000015508560907273 
2200 0.00000014380975203081 
2300 0.00000014419141023055 
2400 0.00000013858079910278 
2500 0.00000013723373413086 
2600 0.00000014039186330942 
2700 0.00000016088838930483 
2800 0.00000014586108071463 
2900 0.00000015456100990032 
3000 0.00000014646848042806 
3100 0.00000015043443249118 
3200 0.00000014878809452057 
3300 0.00000015778975053267 
3400 0.00000015854835510254 
3500 0.00000015844617571150 
3600 0.00000015384621090359 
3700 0.00000014704626959723 
3800 0.00000014537259152061 
3900 0.00000014445720574795 
4000 0.00000016891956329346 
4100 0.00000015351830459223 
4200 0.00000016093254089355 
4300 0.00000014942745829737 
4400 0.00000015285882082852 
4500 0.00000014527638753255 
4600 0.00000015149945798128 
4700 0.00000017115410338057 
4800 0.00000016450881958008 
4900 0.00000015433953732860 
5000 0.00000015897750854492 
5100 0.00000015492532767502 
5200 0.00000015235864199125 
5300 0.00000015353256801389 
5400 0.00000014702479044596 
5500 0.00000014794956554066 
5600 0.00000015177897044591 
5700 0.00000014141986244603 
5800 0.00000015735626220703 
5900 0.00000014026286238331 
6000 0.00000015616416931152 
6100 0.00000015872423766089 
6200 0.00000015470289414929 
6300 0.00000016148128206768 
6400 0.00000016473233699799 
6500 0.00000016630612886869 
6600 0.00000016136602921919 
6700 0.00000017322711090543 
6800 0.00000016812015982235 
6900 0.00000016381775123486 
7000 0.00000016501971653530 
7100 0.00000016504610088510 
7200 0.00000015662776099311 
7300 0.00000016228793418571 
7400 0.00000015677632512273 
7500 0.00000016253789265951 
7600 0.00000015898754722194 
7700 0.00000015760396982168 
7800 0.00000016019894526555 
7900 0.00000016194355638721 
8000 0.00000016471743583679 
8100 0.00000016459712275752 
8200 0.00000015741441307998 
8300 0.00000015997024903814 
8400 0.00000016808509826660 
8500 0.00000016083436853745 
8600 0.00000016930491425270 
8700 0.00000016075441207009 
8800 0.00000016976486552845 
8900 0.00000015901715567942 
9000 0.00000016413794623481 
9100 0.00000016626420911852 
9200 0.00000016126943671185 
9300 0.00000016458572879914 
9400 0.00000016425518279380 
9500 0.00000016814783999794 
9600 0.00000016416112581889 
9700 0.00000016205089608419 
9800 0.00000015988641855668 
9900 0.00000016400308320017 
10000 0.00000016500949859619 
