1 0.0000000000 
2 0.0000004768 
3 0.0000000000 
4 0.0000004768 
5 0.0000003815 
6 0.0000001589 
7 0.0000005790 
8 0.0000005066 
9 0.0000003444 
10 0.0000004053 
11 0.0000006286 
12 0.0000004967 
13 0.0000005319 
14 0.0000002725 
15 0.0000003338 
16 0.0000003129 
17 0.0000005890 
18 0.0000133382 
19 0.0000006400 
20 0.0000006437 
21 0.0000007607 
22 0.0000005960 
23 0.0000006427 
24 0.0000005960 
25 0.0000008106 
26 0.0000007336 
27 0.0000007153 
28 0.0000007493 
29 0.0000006988 
30 0.0000006358 
31 0.0000006999 
32 0.0000007451 
33 0.0000005635 
34 0.0000008765 
35 0.0000008242 
36 0.0000010133 
37 0.0000010374 
38 0.0000009976 
39 0.0000008987 
40 0.0000011802 
41 0.0000011805 
42 0.0000011410 
43 0.0000004990 
44 0.0000006394 
45 0.0000005192 
46 0.0000005287 
47 0.0000006645 
48 0.0000005017 
49 0.0000005936 
50 0.0000006104 
51 0.0000006124 
52 0.0000005181 
53 0.0000006163 
54 0.0000006402 
55 0.0000005722 
56 0.0000005577 
57 0.0000005730 
58 0.0000005673 
59 0.0000005940 
60 0.0000005762 
61 0.0000005628 
62 0.0000005922 
63 0.0000005563 
64 0.0000005439 
65 0.0000005098 
66 0.0000007297 
67 0.0000008220 
68 0.0000007082 
69 0.0000008155 
70 0.0000007289 
71 0.0000007018 
72 0.0000007153 
73 0.0000007414 
74 0.0000006379 
75 0.0000008170 
76 0.0000007498 
77 0.0000008298 
78 0.0000006939 
79 0.0000007817 
80 0.0000008017 
81 0.0000013658 
82 0.0000007618 
83 0.0000007583 
84 0.0000007380 
85 0.0000007405 
86 0.0000007319 
87 0.0000007290 
88 0.0000007722 
89 0.0000008546 
90 0.0000008610 
91 0.0000008017 
92 0.0000008060 
93 0.0000008845 
94 0.0000007432 
95 0.0000007830 
96 0.0000008543 
97 0.0000007325 
98 0.0000007955 
99 0.0000009055 
100 0.0000009131 
