1000 0.00000530362129211426 
1100 0.00000269066203724254 
1200 0.00000284870465596517 
1300 0.00000310439329880934 
1400 0.00000362651688711984 
1500 0.00000353844960530599 
1600 0.00000390470027923584 
1700 0.00000421916737275965 
1800 0.00000435352325439453 
1900 0.00000491217563026830 
2000 0.00000473034381866455 
2100 0.00000508285704113188 
2200 0.00000546466220508922 
2300 0.00000547616378120754 
2400 0.00000585158665974935 
2500 0.00000597152709960937 
2600 0.00000617421590364896 
2700 0.00000647650824652778 
2800 0.00000674324376242501 
2900 0.00000714129415051690 
3000 0.00000729918479919434 
3100 0.00000748372847034085 
3200 0.00000771068036556244 
3300 0.00000790588783495354 
3400 0.00000812088741975672 
3500 0.00000872162410191127 
3600 0.00000853949122958713 
3700 0.00000898651174596838 
3800 0.00000911147970902292 
3900 0.00000927527745564779 
4000 0.00000949019193649292 
4100 0.00000975079652739734 
4200 0.00001016452198936826 
4300 0.00001013323318126590 
4400 0.00001058172095905651 
4500 0.00001077779134114583 
4600 0.00001098684642625892 
4700 0.00001140122717999398 
4800 0.00001163716117540995 
4900 0.00001174800249995018 
5000 0.00001214237213134766 
5100 0.00001237369051166609 
5200 0.00001285855586712177 
5300 0.00001292152224846606 
5400 0.00001324216524759928 
5500 0.00001335096359252930 
5600 0.00001348303897040231 
5700 0.00001379280759577166 
5800 0.00001435399055480957 
5900 0.00001463978977526648 
6000 0.00001432756582895915 
6100 0.00001458734762473185 
6200 0.00001528763001964938 
6300 0.00001541175539531405 
6400 0.00001559738069772720 
6500 0.00001555761924156776 
6600 0.00001613212354255445 
6700 0.00001620588017933404 
6800 0.00001654740642098820 
6900 0.00001697502274444138 
7000 0.00001699471473693848 
7100 0.00001753323514696578 
7200 0.00001722935173246595 
7300 0.00001764842908676356 
7400 0.00001785587620090794 
7500 0.00001795816421508789 
7600 0.00001846253871917725 
7700 0.00001862711720652395 
7800 0.00001868510857606545 
7900 0.00001928585994092724 
8000 0.00001917171478271485 
8100 0.00001940285717999494 
8200 0.00001981176981111852 
8300 0.00002046513270182782 
8400 0.00002014214084261939 
8500 0.00002038417142980239 
8600 0.00002072811126708984 
8700 0.00002088683775101585 
8800 0.00002109768715771762 
8900 0.00002156445149625285 
9000 0.00002167571915520562 
9100 0.00002242538955185440 
9200 0.00002365405144898788 
9300 0.00002427639499787362 
9400 0.00002288600231738801 
9500 0.00002293664530703896 
9600 0.00002425134181976318 
9700 0.00002515905911160499 
9800 0.00002469892404517349 
9900 0.00002469253058385367 
10000 0.00002451171875000000 
